INT	INT	INT	INT	INT	INT	INT	INT	INT	INT	INT	INT
装备外形ID	ID_1	ID_2	ID_3	ID_4	ID_5	ID_6	ID_7	ID_8	ID_9	ID_10	Item_ID
#卓越新加武器幻化											
20001	1	2	3	4	5	6	7	8	9	10	30900200
20011	11	12	13	14	15	16	17	18	19	20	30900200
20021	21	22	23	24	25	26	27	28	29	30	30900200
20031	31	32	33	34	35	36	37	38	39	40	30900200
20041	41	42	43	44	45	46	47	48	49	50	30900200
20051	51	52	53	54	55	56	57	58	59	60	30900200
20061	61	62	63	64	65	66	67	68	69	70	30900200
20071	71	72	73	74	75	76	77	78	79	80	30900200
20081	81	82	83	84	85	86	87	88	89	90	30900200
20091	91	92	93	94	95	96	97	98	99	100	30900200
20101	101	102	103	104	105	106	107	108	109	110	30900200
#以下是花类武器											
20111	111	112	113	114	115	116	117	118	119	120	30900200
20121	121	122	123	124	125	126	127	128	129	130	30900200
20131	131	132	133	134	135	136	137	138	139	140	30900200
20141	141	142	143	144	145	146	147	148	149	150	30900200
20151	151	152	153	154	155	156	157	158	159	160	30900200
20161	161	162	163	164	165	166	167	168	169	170	30900200
20171	171	172	173	174	175	176	177	178	179	180	30900200
20181	181	182	183	184	185	186	187	188	189	190	30900200
20191	191	192	193	194	195	196	197	198	199	200	30900200
20201	201	202	203	204	205	206	207	208	209	210	30900200
20211	211	212	213	214	215	216	217	218	219	220	30900200
20221	221	222	223	224	225	226	227	228	229	230	30900200
20231	231	232	233	234	235	236	237	238	239	240	30900200
20241	241	242	243	244	245	246	247	248	249	250	30900200
20251	251	252	253	254	255	256	257	258	259	260	30900200
20261	261	262	263	264	265	266	267	268	269	270	30900200
