INT	INT
宠物等级	升级经验
1	1
2	3
3	6
4	11
5	17
6	26
7	36
8	49
9	56
10	60
11	65
12	72
13	79
14	90
15	104
16	119
17	139
18	163
19	193
20	203
21	241
22	284
23	334
24	391
25	459
26	540
27	629
28	728
29	836
30	865
31	1009
32	1165
33	1333
34	1513
35	1705
36	1910
37	2006
38	2225
39	2382
40	2459
41	2699
42	2955
43	3228
44	3517
45	3823
46	4147
47	4339
48	4606
49	4793
50	4971
51	5139
52	5405
53	5789
54	6190
55	6610
56	6767
57	7207
58	7665
59	8143
60	8640
61	8775
62	9290
63	9824
64	10379
65	10716
66	11074
67	11738
68	12474
69	13283
70	13524
71	14444
72	15441
73	16517
74	17675
75	18073
76	19454
77	20980
78	22656
79	24486
80	25611
81	27636
82	30934
83	35767
84	42280
85	50496
86	60305
87	71459
88	83565
89	96079
90	108293
91	119337
92	128163
93	133542
94	147465
95	160126
96	170776
97	178567
98	208624
99	242202
100	246051
101	250005
102	254065
103	258234
104	262513
105	266906
106	271414
107	276039
108	280784
109	285650
110	290641
111	295757
112	301001
113	306376
114	311883
115	317525
116	323304
117	329222
118	335280
119	341482
120	347830
121	354325
122	360970
123	367767
124	374717
125	381825
126	389090
127	396516
128	404105
129	411858
130	419779
131	427869
132	436130
133	444565
134	453175
135	461964
136	470932
137	480083
138	489417
139	498939
140	508648
141	518549
142	528643
143	538931
144	549418
145	579435
146	613261
147	651183
148	693493
149	735803
150	778113
151	820423
152	862733
153	905043
154	947353
155	989663
156	1031973
157	1074283
158	1116593
159	1158903
160	1201213
161	1243523
162	1285833
163	1328143
164	1370453
165	1412763
166	1455073
167	1497383
168	1539693
169	1582003
170	1624313
171	1666623
172	1708933
173	1751243
174	1793553
175	1835863
176	1878173
177	1920483
178	1962793
179	2005103
180	2047413
181	2089723
182	2132033
183	2174343
184	2216653
185	2258963
186	2301273
187	2343583
188	2385893
189	2428203
190	2470513
191	2512823
192	2555133
193	2597443
194	2639753
195	2682063
196	2724373
197	2766683
198	2808993
199	2851303
200	2893613
201	2935923
202	2978233
203	3020543
204	3062853
205	3105163
206	3147473
207	3189783
208	3232093
209	3274403
210	3316713
211	3359023
212	3401333
213	3443643
214	3485953
215	3528263
216	3570573
217	3612883
218	3655193
219	3697503
220	3739813
221	3782123
222	3824433
223	3866743
224	3909053
225	3951363
226	3993673
227	4035983
228	4078293
229	4120603
230	4162913
231	4205223
232	4247533
233	4289843
234	4332153
235	4374463
236	4416773
237	4459083
238	4501393
239	4543703
240	4586013
241	4628323
242	4670633
243	4712943
244	4755253
245	4797563
246	4839873
247	4882183
248	4924493
249	4966803
250	5009113
251	5051423
252	5093733
253	5136043
254	5178353
255	0