INT	INT
Level	Exp
1	90
2	324
3	630
4	1152
5	1620
6	1800
7	1980
8	2160
9	2340
10	6300
11	7020
12	7776
13	8874
14	10044
15	11628
16	13320
17	15498
18	18216
19	21528
20	25488
21	30150
22	35568
23	41796
24	48888
25	57420
26	67500
27	78678
28	91008
29	104544
30	123624
31	144270
32	166536
33	190476
34	216144
35	243594
36	272880
37	304056
38	337176
39	372294
40	409860
41	449955
42	490084
43	530548
44	575221
45	615050
46	650454
47	700897
48	750054
49	804487
50	850645
51	900498
52	960545
53	1012245
54	1086548
55	1146580
56	1210564
57	1289770
58	1355400
59	1436548
60	1509870
61	1605487
62	1715640
63	1820654
64	1935548
65	2059870
66	2165480
67	2270654
68	2389870
69	2499802
70	2604598
71	2726570
72	2849980
73	2968700
74	3095450
75	3305680
76	3450687
77	3654800
78	3824687
79	4022450
80	4250640
81	4598050
82	4888870
83	5165480
84	5565480
85	6165870
86	6687805
87	7265804
88	8578705
89	9580005
90	12654084
91	13556545
92	15657800
93	18898702
94	20998045
95	22298045
96	25654800
97	28246810
98	31165870
99	33059870
100	36870215
101	40972215
102	45598705
103	62353580
104	79987645
105	98763104
106	122668792
107	166579872
108	221657021
109	426853665
110	486363150
111	534836925
112	534836925
113	534836925
114	534836925
115	534836925
116	534836925
117	534836925
118	534836925
119	534836925
120	534836925
121	990000000
122	451212930
123	459708885
124	468397440
125	477281295
126	486363150
127	495645705
128	505131660
129	514823715
130	524724570
131	534836925
132	545163480
133	555706935
134	566469990
135	577455345
136	588665700
137	600103755
138	611772210
139	623673765
140	635811120
141	648186975
142	660804030
143	673664985
144	686772540
145	724294215
146	766577250
147	813979845
148	866867400
149	925612515
150	984357630
151	1043102745
152	1101847860
153	1160592975
154	1219338090
155	1278083205
156	1336828320
157	1395573435
158	1454318550
159	1513063665
160	1571808780
161	1630553895
162	1689299010
163	1748044125
164	1806789240
165	1865534355
166	1924279470
167	1983024585
168	2041769700
169	2100514815
170	2159259930
171	2218005045
172	2276750160
173	2335495275
174	2394240390
175	2452985505
176	2511730620
177	2570475735
178	2629220850
179	2687965965
180	2746711080
181	2805456195
182	2864201310
183	2922946425
184	2981691540
185	3040436655
186	3099181770
187	3157926885
188	3216672000
189	3275417115
190	3334162230
191	3392907345
192	3451652460
193	3510397575
194	3569142690
195	3627887805
196	3686632920
197	3745378035
198	3804123150
199	3862868265
200	3921613380
201	3980358495
202	4039103610
203	4097848725
204	4156593840
205	4215338955
206	4274084070
207	4332829185
208	4391574300
209	4450319415
210	4509064530
211	4567809645
212	4626554760
213	4685299875
214	4744044990
215	4802790105
216	4861535220
217	4920280335
218	4979025450
219	5037770565
220	5096515680
221	5155260795
222	5214005910
223	5272751025
224	5331496140
225	5390241255
226	5448986370
227	5507731485
228	5566476600
229	5625221715
230	5683966830
231	5742711945
232	5801457060
233	5860202175
234	5918947290
235	5977692405
236	6036437520
237	6095182635
238	6153927750
239	6212672865
240	6271417980
241	6330163095
242	6388908210
243	6447653325
244	6506398440
245	6565143555
246	6623888670
247	6682633785
248	6741378900
249	6800124015
250	6858869130
251	6917614245
252	6976359360
253	7035104475
254	7093849590
255	0
