INT	STRING	STRING	INT	INT	INT	INT	INT	STRING	INT	STRING	INT	STRING	INT	INT	INT	INT	STRING	INT	INT	FLOAT	FLOAT	INT	INT	INT	INT	INT	INT	STRING	INT	STRING	INT	STRING	INT	STRING	INT	STRING	INT	STRING	INT	STRING	INT	STRING	INT	STRING	INT	STRING	INT	STRING	INT	STRING	INT	STRING	INT	STRING	INT	STRING	INT	STRING	INT	STRING
ID	名称$1$	ToolTips$1$	类别	逻辑ID	隐形级别	陷阱专用标记	可激活次数	生存期持续特效	生存期持续音效	激发特效	激发音效	死亡特效	死亡音效	预留	预留	预留	 子弹ID	持续时间	激活或触发时间间隔	触发半径	影响半径	影响个体数目	预留	预留	预留	预留	预留	参数说明	参数值	参数说明	参数值	参数说明	参数值	参数说明	参数值	参数说明	参数值	参数说明	参数值	参数说明	参数值	参数说明	参数值	参数说明	参数值	参数说明	参数值	参数说明	参数值	参数说明	参数值	参数说明	参数值	参数说明	参数值	参数说明	参数值	参数说明	参数值	详细说明(内部使用)
1	漫天花雨	漫天花雨	0	1	0	0	0	漫天花雨3	-1									125000	500	0	0	0						效果1	-1	效果2	-1	效果3几率	-1	效果3	-1																									
2	飞火流星	飞火流星	0	1	0	0	0	yanhuo19	-1									30000	500	0	0	0						效果1	-1	效果2	-1	效果3几率	-1	效果3	-1																									
3	八面玲珑	八面玲珑	0	1	0	0	0	yanhuo20	-1									30000	500	0	0	0						效果1	-1	效果2	-1	效果3几率	-1	效果3	-1																									
4	雪落无声	雪落无声	0	1	0	0	0	yanhuo31	-1									30000	500	0	0	0						效果1	-1	效果2	-1	效果3几率	-1	效果3	-1																									
5	落英缤纷	落英缤纷	0	1	0	0	0	yanhuo32	-1									30000	500	0	0	0						效果1	-1	效果2	-1	效果3几率	-1	效果3	-1																									
6	舞榭歌台	舞榭歌台	0	1	0	0	0	yanhuo33	-1									30000	500	0	0	0						效果1	-1	效果2	-1	效果3几率	-1	效果3	-1																									
7	剑雨飘香	剑雨飘香	0	1	0	0	0	yanhuo099	-1									30000	500	0	0	0						效果1	-1	效果2	-1	效果3几率	-1	效果3	-1																									
8	九曲连环	九曲连环	0	1	0	0	0	yanhuo199	-1									30000	500	0	0	0						效果1	-1	效果2	-1	效果3几率	-1	效果3	-1																									
9	紫气东来	紫气东来	0	1	0	0	0	yanhuo201	-1									30000	500	0	0	0						效果1	-1	效果2	-1	效果3几率	-1	效果3	-1																									
10	萤火虫	萤火虫	0	1	0	0	0	萤火虫烟花	-1									30000	500	0	0	0						效果1	-1	效果2	-1	效果3几率	-1	效果3	-1																									
11	怒海狂涛	怒海狂涛	0	1	0	0	0	yanhuo_RMB01	-1									35000	500	0	0	0						效果1	-1	效果2	-1	效果3几率	-1	效果3	-1																									
12	龙潜于渊	龙潜于渊	0	1	0	0	0	yanhuo_RMB02	-1									35000	500	0	0	0						效果1	-1	效果2	-1	效果3几率	-1	效果3	-1																									
13	经天纬地	经天纬地	0	1	0	0	0	yanhuo_RMB03	-1									35000	500	0	0	0						效果1	-1	效果2	-1	效果3几率	-1	效果3	-1																									
14	岸芷汀兰	岸芷汀兰	0	1	0	0	0	yanhuo_RMB04	-1									35000	500	0	0	0						效果1	-1	效果2	-1	效果3几率	-1	效果3	-1																									
15	流光溢彩	流光溢彩	0	1	0	0	0	yanhuo_RMB06	-1									35000	500	0	0	0						效果1	-1	效果2	-1	效果3几率	-1	效果3	-1																									
16	天舞宝轮	天舞宝轮	0	1	0	0	0	yanhuo_RMB07	-1									35000	500	0	0	0						效果1	-1	效果2	-1	效果3几率	-1	效果3	-1																									
17	天若有情	天若有情	0	1	0	0	0	yanhuo_RMB08	-1									35000	500	0	0	0						效果1	-1	效果2	-1	效果3几率	-1	效果3	-1																									
18	烈火飞旋	烈火飞旋	0	1	0	0	0	yanhuo_RMB09	-1									35000	500	0	0	0						效果1	-1	效果2	-1	效果3几率	-1	效果3	-1																									
19	五星连珠	五星连珠	0	1	0	0	0	yanhuo_RMB10	-1									35000	500	0	0	0						效果1	-1	效果2	-1	效果3几率	-1	效果3	-1																									
20	人生如梦	人生如梦	0	1	0	0	0	yanhuo_RMB11	-1									35000	500	0	0	0						效果1	-1	效果2	-1	效果3几率	-1	效果3	-1																									
21	ILOVEYOU	ILOVEYOU	0	1	0	0	0	yanhuo_RMB12	-1									35000	500	0	0	0						效果1	-1	效果2	-1	效果3几率	-1	效果3	-1																									
22	喜欢你	喜欢你	0	1	0	0	0	yanhuo_RMB13	-1									35000	500	0	0	0						效果1	-1	效果2	-1	效果3几率	-1	效果3	-1																									
23	发财了	发财了	0	1	0	0	0	yanhuo_RMB14	-1									35000	500	0	0	0						效果1	-1	效果2	-1	效果3几率	-1	效果3	-1																									
24	我结婚了	我结婚了	0	1	0	0	0	yanhuo_RMB15	-1									35000	500	0	0	0						效果1	-1	效果2	-1	效果3几率	-1	效果3	-1																									
25	国庆快乐	国庆快乐	0	1	0	0	0	yanhuo_国庆快乐	-1									35000	500	0	0	0						效果1	-1	效果2	-1	效果3几率	-1	效果3	-1																									
26	欢度新春	欢度新春	0	1	0	0	0	yanhuo_欢度新春	-1									35000	500	0	0	0						效果1	-1	效果2	-1	效果3几率	-1	效果3	-1																									
27	六一快乐	六一快乐	0	1	0	0	0	yanhuo_六一快乐	-1									35000	500	0	0	0						效果1	-1	效果2	-1	效果3几率	-1	效果3	-1																									
28	情人节快乐	情人节快乐	0	1	0	0	0	yanhuo情人节快乐	-1									35000	500	0	0	0						效果1	-1	效果2	-1	效果3几率	-1	效果3	-1																									
29	圣诞快乐	圣诞快乐	0	1	0	0	0	yanhuo_圣诞快乐	-1									35000	500	0	0	0						效果1	-1	效果2	-1	效果3几率	-1	效果3	-1																									
30	五一快乐	五一快乐	0	1	0	0	0	yanhuo_五一快乐	-1									35000	500	0	0	0						效果1	-1	效果2	-1	效果3几率	-1	效果3	-1																									
31	元旦快乐	元旦快乐	0	1	0	0	0	yanhuo_元旦快乐	-1									35000	500	0	0	0						效果1	-1	效果2	-1	效果3几率	-1	效果3	-1																									
32	中秋快乐	中秋快乐	0	1	0	0	0	yanhuo_中秋快乐	-1									35000	500	0	0	0						效果1	-1	效果2	-1	效果3几率	-1	效果3	-1																									
33	光棍行我看行	光棍行我看行	0	1	0	0	0	yanhuo_RMB21	-1									35000	500	0	0	0						效果1	-1	效果2	-1	效果3几率	-1	效果3	-1																									
34	我自由我快乐	我自由我快乐	0	1	0	0	0	yanhuo_RMB22	-1									35000	500	0	0	0						效果1	-1	效果2	-1	效果3几率	-1	效果3	-1																									
35	圣诞快乐	圣诞快乐	0	1	0	0	0	yanhuo_RMB24	-1									35000	500	0	0	0						效果2	-1	效果3	-1	效果4几率	-1	效果4	-1																									
36	元旦快乐	元旦快乐	0	1	0	0	0	yanhuo_RMB25	-1									35000	500	0	0	0						效果3	-1	效果4	-1	效果5几率	-1	效果5	-1																									
37	HAPPYNEWYEAR	HAPPYNEWYEAR	0	1	0	0	0	yanhuo_RMB23	-1									35000	500	0	0	0						效果4	-1	效果5	-1	效果6几率	-1	效果6	-1																									
38	千寻场景特效	千寻	0	1	0	0	0	yanhuo_节日快乐	-1									20000	500	0	0	0						效果1	-1	效果2	-1	效果3几率	-1	效果3	-1																									
39	春节快乐	春节快乐	0	1	0	0	0	yanhuo_RMB30	-1									35000	500	0	0	0						效果4	-1	效果5	-1	效果6几率	-1	效果6	-1																									
40	拜大年	拜大年	0	1	0	0	0	yanhuo_RMB26	-1									35000	500	0	0	0						效果4	-1	效果5	-1	效果6几率	-1	效果6	-1																									
41	过年好	过好年	0	1	0	0	0	yanhuo_RMB27	-1									35000	500	0	0	0						效果4	-1	效果5	-1	效果6几率	-1	效果6	-1																									
42	万事如意	万事如意	0	1	0	0	0	yanhuo_RMB29	-1									35000	500	0	0	0						效果4	-1	效果5	-1	效果6几率	-1	效果6	-1																									
43	吉祥如意	吉祥如意	0	1	0	0	0	yanhuo_RMB28	-1									35000	500	0	0	0						效果4	-1	效果5	-1	效果6几率	-1	效果6	-1																									
44	孔明灯升空1	孔明灯升空1	0	1	0	0	0	npc_孔明灯01	-1									40000	500	0	0	0						效果1	-1	效果2	-1	效果3几率	-1	效果3	-1																									
45	孔明灯升空2	孔明灯升空2	0	1	0	0	0	npc_孔明灯03	-1									40000	500	0	0	0						效果1	-1	效果2	-1	效果3几率	-1	效果3	-1																									
46	孔明灯升空3	孔明灯升空3	0	1	0	0	0	npc_孔明灯02	-1									40000	500	0	0	0						效果1	-1	效果2	-1	效果3几率	-1	效果3	-1																									
47	西瓜皮陷阱	西瓜皮陷阱	1	2	150	2	1	g01_西瓜皮摆放	-1	g01_西瓜皮触发								30000	500	3	3	1						效果1	-1	效果2	-1	效果3几率	-1	效果3	-1	脚本	808089	影响性质	0																					
48	捕兽夹陷阱	捕兽夹陷阱	1	2	150	2	1	g01_捕兽夹摆放	-1	g01_捕兽夹触发								30000	500	3	3	1						效果1	-1	效果2	-1	效果3几率	-1	效果3	-1	脚本	808089	影响性质	0																					
49	XXX	XXX	0	1	0	0	0	yanhuo_RMB17	-1									35000	500	0	0	0						效果4	-1	效果5	-1	效果6几率	-1	效果6	-1																									
50	XXX	XXX	0	1	0	0	0	yanhuo_RMB18	-1									35000	500	0	0	0						效果4	-1	效果5	-1	效果6几率	-1	效果6	-1																									
51	XXX	XXX	0	1	0	0	0	yanhuo_RMB19	-1									35000	500	0	0	0						效果4	-1	效果5	-1	效果6几率	-1	效果6	-1																									
52	XXX	XXX	0	1	0	0	0	yanhuo_RMB20	-1									35000	500	0	0	0						效果4	-1	效果5	-1	效果6几率	-1	效果6	-1																									
53	劳动最光荣	劳动最光荣	0	1	0	0	0	yanhuo_劳动最光荣	-1									35000	500	0	0	0						效果4	-1	效果5	-1	效果6几率	-1	效果6	-1																									
54	绿波香露	绿波香露	3	0	0	1	1		-1	boss_飘渺峰乌老大03_zdo								4000	3000	0	5	12						效果1	10250	效果2	-1	效果3几率	-1	效果3	-1																									
55	山神的愤怒	山神的愤怒	0	0	0	2	5	buff_帮派驻地01	-1	buff_帮派驻地								10000	2000	200	7	12						效果1	5947	效果2	-1	效果3几率	-1	效果3	-1																									
56	山神的愤怒	山神的愤怒	0	0	0	2	5	buff_帮派驻地01	-1	buff_帮派驻地								10000	2000	200	7	12						效果1	5956	效果2	-1	效果3几率	-1	效果3	-1																									
57	山神的愤怒	山神的愤怒	0	0	0	2	5	buff_帮派驻地01	-1	buff_帮派驻地								10000	2000	200	7	12						效果1	5957	效果2	-1	效果3几率	-1	效果3	-1																									
58	山神的愤怒	山神的愤怒	0	0	0	2	5	buff_帮派驻地01	-1	buff_帮派驻地								10000	2000	200	7	12						效果1	5958	效果2	-1	效果3几率	-1	效果3	-1																									
59	寒冰	寒冰	0	0	0	2	15	boss_李秋水19	-1	boss_李秋水20	\Client\Sound\Skills\Common\冰暴.wav							30000	2000	200	5	12						效果1	10378	效果2	10379	效果3几率	-1	效果3	-1																									
60	帮主英明	帮主英明	0	1	0	0	0	yanhuo_帮主英明	-1									35000	500	0	0	0						效果1	-1	效果2	-1	效果3几率	-1	效果3	-1																									
61	跪谢	跪谢	0	1	0	0	0	yanhuo_跪谢Orz	-1									35000	500	0	0	0						效果1	-1	效果2	-1	效果3几率	-1	效果3	-1																									
62	嫁给我吧	嫁给我吧	0	1	0	0	0	yanhuo_嫁给我吧	-1									35000	500	0	0	0						效果1	-1	效果2	-1	效果3几率	-1	效果3	-1																									
63	囧rg	囧rg	0	1	0	0	0	yanhuo_orz	-1									35000	500	0	0	0						效果1	-1	效果2	-1	效果3几率	-1	效果3	-1																									
64	你是猪头	你是猪头	0	1	0	0	0	yanhuo_你是猪头	-1									35000	500	0	0	0						效果1	-1	效果2	-1	效果3几率	-1	效果3	-1																									
65	我错了	我错了	0	1	0	0	0	yanhuo_我错了	-1									35000	500	0	0	0						效果1	-1	效果2	-1	效果3几率	-1	效果3	-1																									
66	我想你了	我想你了	0	1	0	0	0	yanhuo_我想你了	-1									35000	500	0	0	0						效果1	-1	效果2	-1	效果3几率	-1	效果3	-1																									
67	永结同心	永结同心	0	1	0	0	0	yanhuo_永结同心	-1									35000	500	0	0	0						效果1	-1	效果2	-1	效果3几率	-1	效果3	-1																									
68	原谅我吧	原谅我吧	0	1	0	0	0	yanhuo_原谅我吧	-1									35000	500	0	0	0						效果1	-1	效果2	-1	效果3几率	-1	效果3	-1																									
69	心似千结	心似千结	0	1	0	0	0	yanhuo_七夕壹	-1									35000	500	0	0	0						效果1	-1	效果2	-1	效果3几率	-1	效果3	-1																									
70	金风玉露	金风玉露	0	1	0	0	0	yanhuo_七夕贰	-1									35000	500	0	0	0						效果1	-1	效果2	-1	效果3几率	-1	效果3	-1																									
71	琴瑟之好	琴瑟之好	0	1	0	0	0	yanhuo_七夕叁	-1									35000	500	0	0	0						效果1	-1	效果2	-1	效果3几率	-1	效果3	-1																									
72	绿波香露	绿波香露	3	0	0	1	1		-1	boss_飘渺峰乌老大03_zdo								4000	3000	0	5	12						效果1	19805	效果2	-1	效果3几率	-1	效果3	-1																									小缥缈峰
73	寒冰	寒冰	0	0	0	2	15	boss_李秋水19	-1	boss_李秋水20								30000	2000	200	5	12						效果1	19898	效果2	10379	效果3几率	-1	效果3	-1																									
74	北京欢迎您	北京欢迎您	0	1	0	0	0	yanhuo_奥运烟花01	-1									35000	500	0	0	0						效果1	-1	效果2	-1	效果3几率	-1	效果3	-1																									
75	中国加油	中国加油	0	1	0	0	0	yanhuo_奥运烟花03	-1									35000	500	0	0	0						效果1	-1	效果2	-1	效果3几率	-1	效果3	-1																									
76	好运中国	好运中国	0	1	0	0	0	yanhuo_奥运烟花02	-1									35000	500	0	0	0						效果1	-1	效果2	-1	效果3几率	-1	效果3	-1																									
77	奥运口号	奥运口号	0	1	0	0	0	yanhuo_奥运烟花04	-1									35000	500	0	0	0						效果1	-1	效果2	-1	效果3几率	-1	效果3	-1																									
78	心心相应	心心相应	0	1	0	0	0	yanhuo_情人节烟花	-1									35000	500	0	0	0						效果1	-1	效果2	-1	效果3几率	-1	效果3	-1																									
79	雨花之泪	雨花之泪	0	1	0	0	0	yanhuo_情人节_冰	-1									35000	500	0	0	0						效果1	-1	效果2	-1	效果3几率	-1	效果3	-1																									
80	迎春	迎春	0	1	0	0	0	yanhuo_春节快乐	-1									35000	500	0	0	0						效果1	-1	效果2	-1	效果3几率	-1	效果3	-1																									
81	恭贺新春	恭贺新春	0	1	0	0	0	yanhuo_春节烟花_灯笼	-1									35000	500	0	0	0						效果1	-1	效果2	-1	效果3几率	-1	效果3	-1																									
82	拜年啦	拜年啦	0	1	0	0	0	yanhuo_过年好	-1									35000	500	0	0	0						效果1	-1	效果2	-1	效果3几率	-1	效果3	-1																									
83	欢度元旦	欢度元旦	0	1	0	0	0	yanhuo_欢度元旦	-1									35000	500	0	0	0						效果1	-1	效果2	-1	效果3几率	-1	效果3	-1																									
84	欢度元宵	欢度元宵	0	1	0	0	0	yanhuo_欢度元宵	-1									35000	500	0	0	0						效果1	-1	效果2	-1	效果3几率	-1	效果3	-1																									
85	生日快乐	生日快乐	0	1	0	0	0	yanhuo_生日烟花1	-1									35000	500	0	0	0						效果1	-1	效果2	-1	效果3几率	-1	效果3	-1																									
86	生日快乐2	生日快乐2	0	1	0	0	0	yanhuo_生日快乐2_0	-1									35000	500	0	0	0						效果1	-1	效果2	-1	效果3几率	-1	效果3	-1																									
87	生日快乐3	生日快乐3	0	1	0	0	0	yanhuo_生日快乐3_0	-1									35000	500	0	0	0						效果1	-1	效果2	-1	效果3几率	-1	效果3	-1																									
88	圣诞快乐2	圣诞快乐2	0	1	0	0	0	yanhuo_圣诞烟花	-1									35000	500	0	0	0						效果1	-1	效果2	-1	效果3几率	-1	效果3	-1																									
89	元旦烟花	元旦烟花	0	1	0	0	0	yanhuo_元旦烟花_happy	-1									35000	500	0	0	0						效果1	-1	效果2	-1	效果3几率	-1	效果3	-1																									
90	元宵节快乐	元宵节快乐	0	1	0	0	0	yanhuo_元宵节	-1									35000	500	0	0	0						效果1	-1	效果2	-1	效果3几率	-1	效果3	-1																									
91	圣诞大家乐	圣诞大家乐	0	1	0	0	0	yanhuo_圣诞节	-1									35000	500	0	0	0						效果1	-1	效果2	-1	效果3几率	-1	效果3	-1																									
92	帮会宣战烟花	帮会宣战烟花	0	1	0	0	0	yanhua_全屏烟花	-1									40000	500	0	0	0						效果1	-1	效果2	-1	效果3几率	-1	效果3	-1																									
93	龙之庆典	龙之庆典	0	1	0	0	0	天龙生日烟花	-1									35000	500	0	0	0						效果4	-1	效果5	-1	效果6几率	-1	效果6	-1																									
94	周年庆生	周年庆生	0	1	0	0	0	天龙烟花发射	-1									35000	500	0	0	0						效果4	-1	效果5	-1	效果6几率	-1	效果6	-1																									
95	周年庆生	周年庆生	0	1	0	0	0	天龙烟花发射	-1									35000	500	0	0	0						效果4	-1	效果5	-1	效果6几率	-1	效果6	-1																									
100	木人傀儡爆炸	木人傀儡爆炸	2	0	0	1	1	cw_shixue	-1	g01_zdo_eguangmanying	897	g01_zdo_eguangmanying	897					100	100	0	0	0						效果1	-1	效果2	-1	效果3几率	-1	效果3	-1																									
																																																												
111	桃花阵	桃花阵	1	0	110	2	1	g01_xy_jq_xj_桃花阵	-1	g01_xy_jq_zdo_桃花阵	-1		-1	0	0	0		30000	500	2	3	3	0	0	0	0	0	效果1	789	效果2	-1	效果3几率	-1	效果3	-1		0		0		0		0		0		0		0		0		0		0		0		0	
112	桃花阵	桃花阵	1	0	120	2	1	g01_xy_jq_xj_桃花阵	-1	g01_xy_jq_zdo_桃花阵	-1		-1	0	0	0		30000	500	2	3	3	0	0	0	0	0	效果1	789	效果2	-1	效果3几率	-1	效果3	-1		0		0		0		0		0		0		0		0		0		0		0		0	
																																																												
128	天罡阵	天罡阵	0	0	0	2	15	boss花容陷阱-人	-1	boss花容陷阱-爆发紫色	-1		-1	0	0	0		30000	2000	2	5	12	0	0	0	0	0	效果1	22081	效果2	-1	效果3几率	-1	效果3	-1		0		0		0		0		0		0		0		0		0		0		0		0	
129	地煞阵	地煞阵	0	0	0	2	15	boss花容陷阱-地	-1	boss花容陷阱-爆发黄色	-1		-1	0	0	0		30000	2000	2	5	12	0	0	0	0	0	效果1	22082	效果2	-1	效果3几率	-1	效果3	-1		0		0		0		0		0		0		0		0		0		0		0		0	
130	人亡阵	人亡阵	0	0	0	2	15	boss花容陷阱-失误	-1	boss花容陷阱-爆发红色	-1		-1	0	0	0		30000	2000	2	5	12	0	0	0	0	0	效果1	22083	效果2	-1	效果3几率	-1	效果3	-1		0		0		0		0		0		0		0		0		0		0		0		0	
131	强化阵	强化阵	0	0	0	2	1	boss花容陷阱-天	-1	boss花容陷阱-爆发绿色	-1		-1	0	0	0		10000	500	2	15	12	0	0	0	0	0	效果1	22084	效果2	-1	效果3几率	-1	效果3	-1		0		0		0		0		0		0		0		0		0		0		0		0	
132	公孙胜烟雾	公孙胜烟雾	0	1	0	0	0	boss_生死擂台公孙胜埋伏烟雾	-1		-1		-1	0	0	0		2000	500	0	0	0	0	0	0	0	0	效果1	-1	效果2	-1	效果3几率	-1	效果3	-1		0		0		0		0		0		0		0		0		0		0		0		0	
133	公孙胜烟雾	公孙胜烟雾	0	1	0	0	0	boss_生死擂台公孙胜埋伏烟雾	-1		-1		-1	0	0	0		5000	500	0	0	0	0	0	0	0	0	效果1	-1	效果2	-1	效果3几率	-1	效果3	-1		0		0		0		0		0		0		0		0		0		0		0		0	
134	小爆炸	小爆炸	0	1	0	0	0	npc燃烧弹-爆炸01	-1		-1		-1	0	0	0		2000	500	0	0	0	0	0	0	0	0	效果1	-1	效果2	-1	效果3几率	-1	效果3	-1		0		0		0		0		0		0		0		0		0		0		0		0	
135	大爆炸	大爆炸	0	1	0	0	0	npc高爆弹-爆炸01	-1		-1		-1	0	0	0		5000	500	0	0	0	0	0	0	0	0	效果1	-1	效果2	-1	效果3几率	-1	效果3	-1		0		0		0		0		0		0		0		0		0		0		0		0	
136	臭蛋爆炸	臭蛋爆炸	0	1	0	0	0	npc臭弹-爆炸01	-1		-1		-1	0	0	0		5000	500	0	0	0	0	0	0	0	0	效果1	-1	效果2	-1	效果3几率	-1	效果3	-1		0		0		0		0		0		0		0		0		0		0		0		0	
137	燃烧弹刷新	燃烧弹刷新	0	1	0	0	0	npc燃烧弹-刷新	-1		-1		-1	0	0	0		5000	500	0	0	0	0	0	0	0	0	效果1	-1	效果2	-1	效果3几率	-1	效果3	-1		0		0		0		0		0		0		0		0		0		0		0		0	
138	高爆弹刷新	高爆弹刷新	0	1	0	0	0	npc高爆弹-刷新	-1		-1		-1	0	0	0		5000	500	0	0	0	0	0	0	0	0	效果1	-1	效果2	-1	效果3几率	-1	效果3	-1		0		0		0		0		0		0		0		0		0		0		0		0	
																																																												
151	步步生花	步步生花	5	0	130	3	1	g01_xy_步步生花_陷阱	-1	g01_xy_步步生花_陷阱爆炸	0		0	0	0	0		30000	500	2	3	3	0	0	0	0	0	效果1	793	效果2	-1	效果3几率	-1	效果3	-1		0		0		0		0		0		0		0		0		0		0		0		0	
152	步步生花	步步生花	5	0	140	3	1	g01_xy_步步生花_陷阱	-1	g01_xy_步步生花_陷阱爆炸	0		0	0	0	0		30000	500	2	3	3	0	0	0	0	0	效果1	793	效果2	-1	效果3几率	-1	效果3	-1		0		0		0		0		0		0		0		0		0		0		0		0	
																																																												
155	将进酒1	将进酒1	0	0	0	2	2	buff_陷阱将进酒_01	-1	buff_陷阱将进酒_激发	-1		-1	0	0	0		14500	7000	3	5	12	0	0	0	0	0	效果1	2852	效果2	-1	效果3几率	-1	效果3	-1		0		0		0		0		0		0		0		0		0		0		0		0	
156	将进酒2	将进酒2	0	0	0	2	2	buff_陷阱将进酒_02	-1	buff_陷阱将进酒_激发	-1		-1	0	0	0		14500	7000	3	5	12	0	0	0	0	0	效果1	2852	效果2	-1	效果3几率	-1	效果3	-1		0		0		0		0		0		0		0		0		0		0		0		0	
157	连年有余	连年有余	0	1	0	0	0	yanhua_091119_春节2	-1		-1		-1	0	0	0		35000	500	0	0	0	0	0	0	0	0	效果1		效果2	-1	效果3几率	-1	效果3	-1		0		0		0		0		0		0		0		0		0		0		0		0	
158	福到了	福到了	0	1	0	0	0	yanhua_091118_春节	-1		-1		-1	0	0	0		35000	500	0	0	0	0	0	0	0	0	效果1		效果2	-1	效果3几率	-1	效果3	-1		0		0		0		0		0		0		0		0		0		0		0		0	
159	心如爱意	心如爱意	0	1	0	0	0	yanhua_091116_情人节2	-1		-1		-1	0	0	0		35000	500	0	0	0	0	0	0	0	0	效果1		效果2	-1	效果3几率	-1	效果3	-1		0		0		0		0		0		0		0		0		0		0		0		0	
160	此情正浓	此情正浓	0	1	0	0	0	yanhua_091110_情人节	-1		-1		-1	0	0	0		35000	500	0	0	0	0	0	0	0	0	效果1		效果2	-1	效果3几率	-1	效果3	-1		0		0		0		0		0		0		0		0		0		0		0		0	
161	回音幡攻击	回音幡攻击	0	0	170	2	1	boss花容陷阱-天	-1	g01_xy_定海神针_3	-1		-1	0	0	0		1000	800	10	10	12	0	0	0	0	0	效果1	2856	效果2	-1	效果3几率	-1	效果3	-1		0		0		0		0		0		0		0		0		0		0		0		0	
162	十步一杀1	十步一杀1	0	0	0	2	2	buff_陷阱十步一杀_一	-1	buff_陷阱十步一杀_激发	-1		-1	0	0	0		9500	4000	2	3	1	0	0	0	0	0	效果1	2877	效果2	-1	效果3几率	-1	效果3	-1		0		0		0		0		0		0		0		0		0		0		0		0	
163	十步一杀2	十步一杀2	0	0	0	2	2	buff_陷阱十步一杀_二	-1	buff_陷阱十步一杀_激发	-1		-1	0	0	0		9500	4000	2	3	1	0	0	0	0	0	效果1	2877	效果2	-1	效果3几率	-1	效果3	-1		0		0		0		0		0		0		0		0		0		0		0		0	
164	十步一杀3	十步一杀3	0	0	0	2	2	buff_陷阱十步一杀_三	-1	buff_陷阱十步一杀_激发	-1		-1	0	0	0		9500	4000	2	3	1	0	0	0	0	0	效果1	2877	效果2	-1	效果3几率	-1	效果3	-1		0		0		0		0		0		0		0		0		0		0		0		0	
165	十步一杀4	十步一杀4	0	0	0	2	2	buff_陷阱十步一杀_四	-1	buff_陷阱十步一杀_激发	-1		-1	0	0	0		9500	4000	2	3	1	0	0	0	0	0	效果1	2877	效果2	-1	效果3几率	-1	效果3	-1		0		0		0		0		0		0		0		0		0		0		0		0	
166	十步一杀5	十步一杀5	0	0	0	2	2	buff_陷阱十步一杀_五	-1	buff_陷阱十步一杀_激发	-1		-1	0	0	0		9500	4000	2	3	1	0	0	0	0	0	效果1	2877	效果2	-1	效果3几率	-1	效果3	-1		0		0		0		0		0		0		0		0		0		0		0		0	
167	十步一杀6	十步一杀6	0	0	0	2	2	buff_陷阱十步一杀_六	-1	buff_陷阱十步一杀_激发	-1		-1	0	0	0		9500	4000	2	3	1	0	0	0	0	0	效果1	2877	效果2	-1	效果3几率	-1	效果3	-1		0		0		0		0		0		0		0		0		0		0		0		0	
168	白云	白云	0	0	0	2	15	buff_白云	-1	boss花容陷阱-爆发黄色	-1		-1	0	0	0		20000	2000	2	5	12	0	0	0	0	0	效果1		效果2	-1	效果3几率	-1	效果3	-1		0		0		0		0		0		0		0		0		0		0		0		0	
169	黑云	黑云	0	0	0	2	15	buff_黑云	-1	boss花容陷阱-爆发红色	-1		-1	0	0	0		20000	2000	2	5	12	0	0	0	0	0	效果1		效果2	-1	效果3几率	-1	效果3	-1		0		0		0		0		0		0		0		0		0		0		0		0	
																																																												
187	凌神式消失	凌神式消失	0	1	0	0	0	m01_gs_秘剑式_聚气	294		-1		-1	0	0	0		500	500	0	0	0	0	0	0	0	0	效果1	-1	效果2	-1	效果3几率	-1	效果3	-1		0		0		0		0		0		0		0		0		0		0		0		0	
188	诱敌深入	诱敌深入	0	0	0	2	3	boss_兵圣奇阵林_诱敌深入	-1	boss_兵圣奇阵林_诱敌深入_爆发	-1		-1	0	0	0		6000	2000	300	3	24	0	0	0	0	0	效果1	8820	效果2	-1	效果3几率	-1	效果3	-1		0		0		0		0		0		0		0		0		0		0		0		0	
189	水迹	水迹	0	0	0	2	16	buff_boss兵圣奇阵火_侵略如火_水陷阱	-1		-1		-1	0	0	0		16000	1000	300	5	24	0	0	0	0	0	效果1	8840	效果2	-1	效果3几率	-1	效果3	-1		0		0		0		0		0		0		0		0		0		0		0		0	
190	地火焚天	地火焚天	0	0	0	2	32	buff_boss兵圣奇阵火_地火焚天_陷阱	-1	buff_boss兵圣奇阵火_地火焚天_陷阱爆发	-1		-1	0	0	0		96000	3000	300	5	24	0	0	0	0	0	效果1	8842	效果2	-1	效果3几率	-1	效果3	-1		0		0		0		0		0		0		0		0		0		0		0		0	
191	风雷弹爆炸	风雷弹爆炸	0	0	0	2	1		-1		-1		-1	0	0	0		500	500	300	3	24	0	0	0	0	0	效果1	8839	效果2	-1	效果3几率	-1	效果3	-1		0		0		0		0		0		0		0		0		0		0		0		0	
192	石堆爆炸	石堆爆炸	0	0	0	2	1		-1		-1		-1	0	0	0		500	500	300	3	24	0	0	0	0	0	效果1	8858	效果2	-1	效果3几率	-1	效果3	-1		0		0		0		0		0		0		0		0		0		0		0		0	
193	旋风爆炸	旋风爆炸	0	0	0	2	1	npc_兵圣奇阵风_旋风_01	-1	npc_兵圣奇阵风_旋风_自爆_01	-1		-1	0	0	0		500	500	300	1	24	0	0	0	0	0	效果1	8845	效果2	-1	效果3几率	-1	效果3	-1		0		0		0		0		0		0		0		0		0		0		0		0	
194	诱敌深入困难	诱敌深入困难	0	0	0	2	3	boss_兵圣奇阵林_诱敌深入	-1	boss_兵圣奇阵林_诱敌深入_爆发	-1		-1	0	0	0		6000	2000	300	3	24	0	0	0	0	0	效果1	8761	效果2	-1	效果3几率	-1	效果3	-1		0		0		0		0		0		0		0		0		0		0		0		0	
195	地火焚天困难	地火焚天困难	0	0	0	2	32	buff_boss兵圣奇阵火_地火焚天_陷阱	-1	buff_boss兵圣奇阵火_地火焚天_陷阱爆发	-1		-1	0	0	0		96000	3000	300	5	24	0	0	0	0	0	效果1	8774	效果2	-1	效果3几率	-1	效果3	-1		0		0		0		0		0		0		0		0		0		0		0		0	
196	风雷弹爆炸困难	风雷弹爆炸困难	0	0	0	2	1		-1		-1		-1	0	0	0		500	500	300	3	24	0	0	0	0	0	效果1	8773	效果2	-1	效果3几率	-1	效果3	-1		0		0		0		0		0		0		0		0		0		0		0		0	
197	石堆爆炸困难	石堆爆炸困难	0	0	0	2	1		-1		-1		-1	0	0	0		500	500	300	3	24	0	0	0	0	0	效果1	8786	效果2	-1	效果3几率	-1	效果3	-1		0		0		0		0		0		0		0		0		0		0		0		0	
198	旋风爆炸困难	旋风爆炸困难	0	0	0	2	1	npc_兵圣奇阵风_旋风_01	-1	npc_兵圣奇阵风_旋风_自爆_01	-1		-1	0	0	0		500	500	300	1	24	0	0	0	0	0	效果1	8775	效果2	-1	效果3几率	-1	效果3	-1		0		0		0		0		0		0		0		0		0		0		0		0	
199	石堆消失爆炸	石堆消失爆炸	0	1	0	0	0	npc_兵圣奇阵山_石头_爆炸	-1		-1		-1	0	0	0		5000	5000	0	0	0	0	0	0	0	0	效果1	-1	效果2	-1	效果3几率	-1	效果3	-1		0		0		0		0		0		0		0		0		0		0		0		0	
200	旋风提示	旋风提示	0	1	0	0	0	替代水迹陷阱	-1		-1		-1	0	0	0		1000	500	0	0	0	0	0	0	0	0	效果1	-1	效果2	-1	效果3几率	-1	效果3	-1		0		0		0		0		0		0		0		0		0		0		0		0	
																																																												
211	桃花阵防	桃花阵	1	0	110	2	1	g01_xy_jq_xj_桃花阵	-1	g01_xy_jq_zdo_桃花阵	-1		-1	0	0	0		30000	500	2	3	3	0	0	0	0	0	效果1	789	效果2	-1	效果3几率	40	效果3	809		0		0		0		0		0		0		0		0		0		0		0		0	
212	桃花阵防	桃花阵	1	0	120	2	1	g01_xy_jq_xj_桃花阵	-1	g01_xy_jq_zdo_桃花阵	-1		-1	0	0	0		30000	500	2	3	3	0	0	0	0	0	效果1	789	效果2	-1	效果3几率	42	效果3	809		0		0		0		0		0		0		0		0		0		0		0		0	
																																																												
231	步步生花	步步生花	5	0	150	3	1	g01_xy_步步生花_陷阱	-1	g01_xy_步步生花_陷阱爆炸	0		0	0	0	0		30000	500	2	3	3	0	0	0	0	0	效果1	793	效果2	-1	效果3几率	24	效果3	754		0		0		0		0		0		0		0		0		0		0		0		0	
232	步步生花	步步生花	5	0	160	3	1	g01_xy_步步生花_陷阱	-1	g01_xy_步步生花_陷阱爆炸	0		0	0	0	0		30000	500	2	3	3	0	0	0	0	0	效果1	793	效果2	-1	效果3几率	25	效果3	754		0		0		0		0		0		0		0		0		0		0		0		0	
																																																												
250	破天式	破天式	3	0	0	1	1	m01_gs_破天式_子弹	-1	m01_gs_破天式_子弹爆炸	-1		-1	0	0	0		3000	500	0	5	3	0	0	0	0	0	效果1	919	效果2	925	效果3几率	0	效果3	-1		0		0		0		0		0		0		0		0		0		0		0		0	
251	破天式	破天式	3	0	0	1	1	m01_gs_破天式_子弹	-1	m01_gs_破天式_子弹爆炸	-1		-1	0	0	0		3000	500	0	5	3	0	0	0	0	0	效果1	919	效果2	930	效果3几率	0	效果3	-1		0		0		0		0		0		0		0		0		0		0		0		0	
252	破天式	破天式	3	0	0	1	1	m01_gs_破天式_子弹	-1	m01_gs_破天式_子弹爆炸	-1		-1	0	0	0		3000	500	0	5	3	0	0	0	0	0	效果1	919	效果2	931	效果3几率	0	效果3	-1		0		0		0		0		0		0		0		0		0		0		0		0	
253	破天式	破天式	3	0	0	1	1	m01_gs_破天式_子弹	-1	m01_gs_破天式_子弹爆炸	-1		-1	0	0	0		3000	500	0	5	3	0	0	0	0	0	效果1	919	效果2	932	效果3几率	0	效果3	-1		0		0		0		0		0		0		0		0		0		0		0		0	
254	破天式	破天式	3	0	0	1	1	m01_gs_破天式_子弹	-1	m01_gs_破天式_子弹爆炸	-1		-1	0	0	0		3000	500	0	5	3	0	0	0	0	0	效果1	919	效果2	933	效果3几率	0	效果3	-1		0		0		0		0		0		0		0		0		0		0		0		0	
255	破天式	破天式	3	0	0	1	1	m01_gs_破天式_子弹	-1	m01_gs_破天式_子弹爆炸	-1		-1	0	0	0		3000	500	0	5	3	0	0	0	0	0	效果1	919	效果2	934	效果3几率	0	效果3	-1		0		0		0		0		0		0		0		0		0		0		0		0	
256	破天式	破天式	3	0	0	1	1	m01_gs_破天式_子弹	-1	m01_gs_破天式_子弹爆炸	-1		-1	0	0	0		3000	500	0	5	3	0	0	0	0	0	效果1	919	效果2	935	效果3几率	0	效果3	-1		0		0		0		0		0		0		0		0		0		0		0		0	
257	破天式	破天式	3	0	0	1	1	m01_gs_破天式_子弹	-1	m01_gs_破天式_子弹爆炸	-1		-1	0	0	0		3000	500	0	5	3	0	0	0	0	0	效果1	919	效果2	936	效果3几率	0	效果3	-1		0		0		0		0		0		0		0		0		0		0		0		0	
258	破天式	破天式	3	0	0	1	1	m01_gs_破天式_子弹	-1	m01_gs_破天式_子弹爆炸	-1		-1	0	0	0		3000	500	0	5	3	0	0	0	0	0	效果1	919	效果2	937	效果3几率	0	效果3	-1		0		0		0		0		0		0		0		0		0		0		0		0	
259	破天式	破天式	3	0	0	1	1	m01_gs_破天式_子弹	-1	m01_gs_破天式_子弹爆炸	-1		-1	0	0	0		3000	500	0	5	3	0	0	0	0	0	效果1	919	效果2	938	效果3几率	0	效果3	-1		0		0		0		0		0		0		0		0		0		0		0		0	
260	破天式	破天式	3	0	0	1	1	m01_gs_破天式_子弹	-1	m01_gs_破天式_子弹爆炸	-1		-1	0	0	0		3000	500	0	5	3	0	0	0	0	0	效果1	919	效果2	939	效果3几率	0	效果3	-1		0		0		0		0		0		0		0		0		0		0		0		0	
261	破天式	破天式	3	0	0	1	1	m01_gs_破天式_子弹	-1	m01_gs_破天式_子弹爆炸	-1		-1	0	0	0		3000	500	0	5	3	0	0	0	0	0	效果1	919	效果2	940	效果3几率	0	效果3	-1		0		0		0		0		0		0		0		0		0		0		0		0	
262	破天式	破天式	3	0	0	1	1	m01_gs_破天式_子弹	-1	m01_gs_破天式_子弹爆炸	-1		-1	0	0	0		3000	500	0	5	3	0	0	0	0	0	效果1	919	效果2	940	效果3几率	0	效果3	-1		0		0		0		0		0		0		0		0		0		0		0		0	
263	破天式	破天式	3	0	0	1	1	m01_gs_破天式_子弹	-1	m01_gs_破天式_子弹爆炸	-1		-1	0	0	0		3000	500	0	5	3	0	0	0	0	0	效果1	919	效果2	940	效果3几率	0	效果3	-1		0		0		0		0		0		0		0		0		0		0		0		0	
264	破天式	破天式	3	0	0	1	1	m01_gs_破天式_子弹	-1	m01_gs_破天式_子弹爆炸	-1		-1	0	0	0		3000	500	0	5	3	0	0	0	0	0	效果1	919	效果2	940	效果3几率	0	效果3	-1		0		0		0		0		0		0		0		0		0		0		0		0	
265	破天式	破天式	3	0	0	1	1	m01_gs_破天式_子弹	-1	m01_gs_破天式_子弹爆炸	-1		-1	0	0	0		3000	500	0	5	3	0	0	0	0	0	效果1	919	效果2	940	效果3几率	0	效果3	-1		0		0		0		0		0		0		0		0		0		0		0		0	
311	桃花阵攻	桃花阵	1	0	110	2	1	g01_xy_jq_xj_桃花阵	-1	g01_xy_jq_zdo_桃花阵	-1		-1	0	0	0		30000	500	2	3	3	0	0	0	0	0	效果1	789	效果2	-1	效果3几率	100	效果3	296		0		0		0		0		0		0		0		0		0		0		0		0	
312	桃花阵攻	桃花阵	1	0	120	2	1	g01_xy_jq_xj_桃花阵	-1	g01_xy_jq_zdo_桃花阵	-1		-1	0	0	0		30000	500	2	3	3	0	0	0	0	0	效果1	789	效果2	-1	效果3几率	100	效果3	296		0		0		0		0		0		0		0		0		0		0		0		0	
331	步步生花	步步生花	5	0	150	3	1	g01_xy_步步生花_陷阱	-1	g01_xy_步步生花_陷阱爆炸	0		0	0	0	0		30000	500	2	3	3	0	0	0	0	0	效果1	793	效果2	-1	效果3几率	100	效果3	754		0		0		0		0		0		0		0		0		0		0		0		0	
332	步步生花	步步生花	5	0	160	3	1	g01_xy_步步生花_陷阱	-1	g01_xy_步步生花_陷阱爆炸	0		0	0	0	0		30000	500	2	3	3	0	0	0	0	0	效果1	793	效果2	-1	效果3几率	100	效果3	754		0		0		0		0		0		0		0		0		0		0		0		0	
333	桃花阵防	桃花阵	1	0	110	2	1	g01_xy_jq_xj_桃花阵	-1	g01_xy_jq_zdo_桃花阵	-1		-1	0	0	0		30000	500	2	3	3	0	0	0	0	0	效果1	262	效果2	-1	效果3几率	40	效果3	754		0		0		0		0		0		0		0		0		0		0		0		0	
334	桃花阵防	桃花阵	1	0	120	2	1	g01_xy_jq_xj_桃花阵	-1	g01_xy_jq_zdo_桃花阵	-1		-1	0	0	0		30000	500	2	3	3	0	0	0	0	0	效果1	262	效果2	-1	效果3几率	42	效果3	754		0		0		0		0		0		0		0		0		0		0		0		0	
																																																												
#下面是在用																																																												
365	定海神针	定海神针	4	0	0	2	15	g01_xy_定海神针_2	-1	g01_xy_定海神针_3	-1		-1	0	0	0		30000	2000	15	15	4	0	0	0	0	0	效果1	802	效果2	-1	效果3几率	-1	效果3	-1		0		0		0		0		0		0		0		0		0		0		0		0	
366	定海神针	定海神针	4	0	0	2	15	g01_xy_定海神针_2	-1	g01_xy_定海神针_3	-1		-1	0	0	0		30000	2000	15	15	4	0	0	0	0	0	效果1	802	效果2	-1	效果3几率	-1	效果3	-1		0		0		0		0		0		0		0		0		0		0		0		0	
381	定海神针防	定海神针	4	0	0	2	15	g01_xy_定海神针_2	-1	g01_xy_定海神针_3	-1		-1	0	0	0		30000	2000	15	15	4	0	0	0	0	0	效果1	802	效果2	-1	效果3几率	10	效果3	809		0		0		0		0		0		0		0		0		0		0		0		0	
382	定海神针防	定海神针	4	0	0	2	15	g01_xy_定海神针_2	-1	g01_xy_定海神针_3	-1		-1	0	0	0		30000	2000	15	15	4	0	0	0	0	0	效果1	802	效果2	-1	效果3几率	10	效果3	809		0		0		0		0		0		0		0		0		0		0		0		0	
397	定海神针攻	定海神针	4	0	0	2	15	g01_xy_定海神针_2	-1	g01_xy_定海神针_3	-1		-1	0	0	0		30000	2000	15	15	4	0	0	0	0	0	效果1	802	效果2	-1	效果3几率	100	效果3	296		0		0		0		0		0		0		0		0		0		0		0		0	
398	定海神针攻	定海神针	4	0	0	2	15	g01_xy_定海神针_2	-1	g01_xy_定海神针_3	-1		-1	0	0	0		30000	2000	15	15	4	0	0	0	0	0	效果1	802	效果2	-1	效果3几率	100	效果3	296		0		0		0		0		0		0		0		0		0		0		0		0	
411	八阵图	八阵图	2	0	110	1	1	g01_xy_jq_xj_八阵图	-1	g01_xy_jq_zdo_八阵图_2	-1		-1	0	0	0		30000	500	0	4	6	0	0	0	0	0	效果1	788	效果2	798	效果3几率	-1	效果3	-1		0		0		0		0		0		0		0		0		0		0		0		0	
412	八阵图	八阵图	2	0	120	1	1	g01_xy_jq_xj_八阵图	-1	g01_xy_jq_zdo_八阵图_2	-1		-1	0	0	0		30000	500	0	4	6	0	0	0	0	0	效果1	788	效果2	798	效果3几率	-1	效果3	-1		0		0		0		0		0		0		0		0		0		0		0		0	
511	八阵图防	八阵图	2	0	110	1	1	g01_xy_jq_xj_八阵图	-1	g01_xy_jq_zdo_八阵图_2	-1		-1	0	0	0		30000	500	0	4	6	0	0	0	0	0	效果1	788	效果2	798	效果3几率	40	效果3	809		0		0		0		0		0		0		0		0		0		0		0		0	
512	八阵图防	八阵图	2	0	120	1	1	g01_xy_jq_xj_八阵图	-1	g01_xy_jq_zdo_八阵图_2	-1		-1	0	0	0		30000	500	0	4	6	0	0	0	0	0	效果1	788	效果2	798	效果3几率	42	效果3	809		0		0		0		0		0		0		0		0		0		0		0		0	
611	八阵图攻	八阵图	2	0	110	1	1	g01_xy_jq_xj_八阵图	-1	g01_xy_jq_zdo_八阵图_2	-1		-1	0	0	0		30000	500	0	4	6	0	0	0	0	0	效果1	788	效果2	798	效果3几率	100	效果3	295		0		0		0		0		0		0		0		0		0		0		0		0	
612	八阵图攻	八阵图	2	0	120	1	1	g01_xy_jq_xj_八阵图	-1	g01_xy_jq_zdo_八阵图_2	-1		-1	0	0	0		30000	500	0	4	6	0	0	0	0	0	效果1	788	效果2	798	效果3几率	100	效果3	295		0		0		0		0		0		0		0		0		0		0		0		0	
644	B鄋 C?- Thi阯	B鄋 C?- Thi阯	0	0	0	2	30	boss花容陷阱-人	-1	boss花容陷阱-爆发紫色	-1		-1	0	0	0		30000	1000	2	15	12	0	0	0	0	0	效果1	32697	效果2	32698	效果3几率	-1	效果3	-1		0		0		0		0		0		0		0		0		0		0		0		0

701	初级陷阱	初级陷阱	-1	0	10	2	1	g01_bamenjinsuo	-1	g01_xy_jq_zdo_八阵图_2								15000	500	2	2	1						效果1	111	效果2	-1	效果3几率	-1	效果3	-1																									
																																																												
754	斩杀	雷电测试	3	0	0	1	1	buff_疯狂	-1	npc_ren_qunwai								1200	100	5	5	6						效果1	32706	效果2	32711	效果3几率	50	效果3	32706																									
755	冰群	雷电测试	3	0	0	1	1	npc_天寒冰棱_buff	-1	npc_all_qunbing_zdo								2500	100	5	5	6						效果1	32710	效果2	32708	效果3几率	50	效果3	32716																									
756	火群	雷电测试	3	0	0	1	1	buff_陷阱_御火之阵_01	-1	cw_zd_jiehuofensha								2000	100	5	5	6						效果1	32709	效果2	32707	效果3几率	50	效果3	32717																									
757	玄群	雷电测试	3	0	0	1	1	buff_陷阱_御玄之阵_01	-1	cw_zd_jiuleijisha								1000	100	5	5	6						效果1	32706	效果2	32711	效果3几率	50	效果3	32718																									
758	毒群	雷电测试	3	0	0	1	1	buff_陷阱_御毒之阵_01	-1	cw_zd_fudushisha								1000	100	5	5	6						效果1	32706	效果2	32711	效果3几率	50	效果3	32719																									
																																																												
760	燃烧的怒火	燃烧的怒火	0	0	0	2	3	Buff_陷阱特效_无尽怒火	-1	boss_萧远山_焚天灭地_爆发_5m_01	-1		-1	-1	-1	-1		10000	2000	0	0	100	0	0	0	0	0	效果1	-1	效果2	-1	效果3几率	-1	效果3	-1		0		0		0		0		0		0		0		0		0		0		0		0	
761	烈焰焚身1米	烈焰焚身1米	4	0	0	1	1	boss_萧远山_焚天灭地_陷阱_1m_01	-1	boss_萧远山_焚天灭地_爆发_1m_01	-1		-1	-1	-1	-1		10000	500	0	0	100	0	0	0	0	0	效果1	-1	效果2	-1	效果3几率	-1	效果3	-1		0		0		0		0		0		0		0		0		0		0		0		0	
762	定海神针	定海神针	4	0	0	2	20	boss_萧远山_焚天灭地_陷阱_5m_01	-1	boss_萧远山_焚天灭地_爆发_5m_01	-1		-1	0	0	0		10000	500	5	5	6	0	0	0	0	0	效果1	32681	效果2	-1	效果3几率	-1	效果3	-1		0		0		0		0		0		0		0		0		0		0		0		0	
767	玄雷追命	玄雷追命	3	0	0	1	1	boss_水鬼小boss_玄雷追命02	-1	boss_水鬼小boss_玄雷追命01	-1		-1	-1	-1	-1		2000	500	0	1	24	0	0	0	0	0	效果1	32598	效果2	-1	效果3几率	-1	效果3	-1		0		0		0		0		0		0		0		0		0		0		0		0	
768	寒冰彻骨	寒冰彻骨	3	0	0	1	1	boss_白帝_寒冰彻骨_陷阱3m	-1	npc_all_danbing_zdo	-1		-1	-1	-1	-1		3000	500	0	3	24	0	0	0	0	0	效果1	32598	效果2	32598	效果3几率	-1	效果3	-1		0		0		0		0		0		0		0		0		0		0		0		0	
769	狱火镇八方	狱火镇八方	3	0	0	1	1	boss_人类首领_狱火镇八方_陷阱_01	-1	boss_人类首领_狱火镇八方_陷阱_爆炸_01	-1		-1	-1	-1	-1		1000	500	0	1	24	0	0	0	0	0	效果1	32598	效果2	-1	效果3几率	-1	效果3	-1		0		0		0		0		0		0		0		0		0		0		0		0	
770	玄雷天降	玄雷天降	3	0	0	1	1	boss_赤帝_玄雷天降01	-1	boss_赤帝_玄雷天降02	-1		-1	-1	-1	-1		3000	500	0	3	24	0	0	0	0	0	效果1	32598	效果2	-1	效果3几率	-1	效果3	-1		0		0		0		0		0		0		0		0		0		0		0		0	
771	腐骨毒蝎	腐骨毒蝎	3	0	0	1	1	boss_蛤蟆首领_腐骨毒蝎_01	-1	boss_蛤蟆首领_腐骨毒蝎_陷阱瞬发	-1		-1	-1	-1	-1		3000	500	0	2	24	0	0	0	0	0	效果1	32598	效果2	-1	效果3几率	-1	效果3	-1		0		0		0		0		0		0		0		0		0		0		0		0	
772	燃烧的怒火	燃烧的怒火	0	0	0	2	3	Buff_陷阱特效_无尽怒火	-1	buff_boss兵圣奇阵火_地火焚天_陷阱爆发	-1		-1	-1	-1	-1		6000	2000	3	3	100	0	0	0	0	0	效果1	32598	效果2	-1	效果3几率	-1	效果3	-1		0		0		0		0		0		0		0		0		0		0		0		0	
773	降龙十八掌	降龙十八掌	0	1	0	0	0	npc_钟汉良萧峰jq_降龙十八掌_陷阱	-1		-1		-1	-1	-1	-1		1500	500	0	0	0	0	0	0	0	0	效果1	-1	效果2	-1	效果3几率	-1	效果3	-1		0		0		0		0		0		0		0		0		0		0		0		0	
																																																												
777	刺骨寒霜	刺骨寒霜	3	0	0	1	1	buff_陷阱_刺骨寒霜_状态01	-1	buff_陷阱_冰雪连天_触发01	-1		-1	0	0	0		5000	500	0	3	100	0	0	0	0	0	效果1	8911	效果2	8914	效果3几率	-1	效果3	-1		0		0		0		0		0		0		0		0		0		0		0		0	
778	狂风暴雨	狂风暴雨	0	0	0	2	5	boss_白帝_寒冰风暴_陷阱	-1		-1		-1	0	0	0		5000	1000	5	5	100	0	0	0	0	0	效果1	8912	效果2	-1	效果3几率	-1	效果3	-1		0		0		0		0		0		0		0		0		0		0		0		0	
779	冰雪连天	冰雪连天	3	0	0	1	1	buff_陷阱_冰雪连天_状态01	-1	buff_陷阱_冰雪连天_触发01	-1		-1	0	0	0		3000	500	0	2	100	0	0	0	0	0	效果1	8913	效果2	8915	效果3几率	-1	效果3	-1		0		0		0		0		0		0		0		0		0		0		0		0	
780	龙变身	龙变身	0	1	0	0	0	boss_通用变身_合	-1		-1		-1	0	0	0		30000	500	0	0	0	0	0	0	0	0	效果1	-1	效果2	-1	效果3几率	-1	效果3	-1		0		0		0		0		0		0		0		0		0		0		0		0	
																																																												
781	怒火冲天	怒火冲天	0	0	0	1	1	Buff_陷阱特效_怒火冲天	-1	Buff_陷阱特效_怒火冲天_触发	-1		-1	0	0	0		500	500	5	5	100	0	0	0	0	0	效果1	8927	效果2	8928	效果3几率	-1	效果3	-1		0		0		0		0		0		0		0		0		0		0		0		0	
782	烈焰焚身1米	烈焰焚身1米	4	0	0	1	1	boss_萧远山_焚天灭地_陷阱_1m_01	-1	boss_萧远山_焚天灭地_爆发_1m_01	-1		-1	-1	-1	-1		2000	2000	1	1	100	0	0	0	0	0	效果1	8917	效果2	-1	效果3几率	-1	效果3	-1		0		0		0		0		0		0		0		0		0		0		0		0	
783	烈焰焚身3米	烈焰焚身3米	4	0	0	1	1	boss_萧远山_焚天灭地_陷阱_3m_01	-1	boss_萧远山_焚天灭地_爆发_3m_01	-1		-1	-1	-1	-1		2000	2000	3	3	100	0	0	0	0	0	效果1	8918	效果2	-1	效果3几率	-1	效果3	-1		0		0		0		0		0		0		0		0		0		0		0		0	
784	烈焰焚身5米	烈焰焚身5米	4	0	0	1	1	boss_萧远山_焚天灭地_陷阱_5m_01	-1	boss_萧远山_焚天灭地_爆发_5m_01	-1		-1	-1	-1	-1		2000	2000	5	5	100	0	0	0	0	0	效果1	8919	效果2	-1	效果3几率	-1	效果3	-1		0		0		0		0		0		0		0		0		0		0		0		0	
785	烈焰焚身7米	烈焰焚身7米	4	0	0	1	1	boss_萧远山_焚天灭地_陷阱_7m_01	-1	boss_萧远山_焚天灭地_爆发_7m_01	-1		-1	-1	-1	-1		2000	2000	7	7	100	0	0	0	0	0	效果1	8920	效果2	-1	效果3几率	-1	效果3	-1		0		0		0		0		0		0		0		0		0		0		0		0	
786	烈焰焚身9米	烈焰焚身9米	4	0	0	1	1	boss_萧远山_焚天灭地_陷阱_9m_01	-1	boss_萧远山_焚天灭地_爆发_9m_01	-1		-1	-1	-1	-1		2000	2000	9	9	100	0	0	0	0	0	效果1	8921	效果2	-1	效果3几率	-1	效果3	-1		0		0		0		0		0		0		0		0		0		0		0		0	
787	谁入地狱1米	谁入地狱1米	4	0	0	1	1	boss_萧远山_焚天灭地_陷阱_1m_01	-1	boss_萧远山_焚天灭地_爆发_1m_01	-1		-1	-1	-1	-1		2000	2000	1	1	100	0	0	0	0	0	效果1	8922	效果2	-1	效果3几率	-1	效果3	-1		0		0		0		0		0		0		0		0		0		0		0		0	
788	谁入地狱3米	谁入地狱3米	4	0	0	1	1	boss_萧远山_焚天灭地_陷阱_3m_01	-1	boss_萧远山_焚天灭地_爆发_3m_01	-1		-1	-1	-1	-1		2000	2000	3	3	100	0	0	0	0	0	效果1	8923	效果2	-1	效果3几率	-1	效果3	-1		0		0		0		0		0		0		0		0		0		0		0		0	
789	谁入地狱5米	谁入地狱5米	4	0	0	1	1	boss_萧远山_焚天灭地_陷阱_5m_01	-1	boss_萧远山_焚天灭地_爆发_5m_01	-1		-1	-1	-1	-1		2000	2000	5	5	100	0	0	0	0	0	效果1	8924	效果2	-1	效果3几率	-1	效果3	-1		0		0		0		0		0		0		0		0		0		0		0		0	
790	谁入地狱7米	谁入地狱7米	4	0	0	1	1	boss_萧远山_焚天灭地_陷阱_7m_01	-1	boss_萧远山_焚天灭地_爆发_7m_01	-1		-1	-1	-1	-1		2000	2000	7	7	100	0	0	0	0	0	效果1	8925	效果2	-1	效果3几率	-1	效果3	-1		0		0		0		0		0		0		0		0		0		0		0		0	
791	谁入地狱9米	谁入地狱9米	4	0	0	1	1	boss_萧远山_焚天灭地_陷阱_9m_01	-1	boss_萧远山_焚天灭地_爆发_9m_01	-1		-1	-1	-1	-1		2000	2000	9	9	100	0	0	0	0	0	效果1	8926	效果2	-1	效果3几率	-1	效果3	-1		0		0		0		0		0		0		0		0		0		0		0		0	
792	凤变身	凤变身	0	1	0	0	0	boss_通用变身_合_火	-1		-1		-1	0	0	0		30000	500	0	0	0	0	0	0	0	0	效果1	-1	效果2	-1	效果3几率	-1	效果3	-1		0		0		0		0		0		0		0		0		0		0		0		0	
																																																												
793	百毒缠灵	百毒缠灵	3	0	0	1	1	buff_陷阱_百毒缠灵	-1	buff_陷阱_百毒缠灵_触发	-1		-1	-1	-1	-1		5000	500	0	5	100	0	0	0	0	0	效果1	8929	效果2	8930	效果3几率	-1	效果3	-1		0		0		0		0		0		0		0		0		0		0		0		0	
794	百毒缠灵	百毒缠灵	3	0	0	1	1		-1		-1		-1	-1	-1	-1		10000	500	0	5	100	0	0	0	0	0	效果1	-1	效果2	-1	效果3几率	-1	效果3	-1		0		0		0		0		0		0		0		0		0		0		0		0	
795	毒液	毒液	0	0	0	2	5	buff_陷阱_毒液四溅	-1		-1		-1	-1	-1	-1		5000	1000	5	5	100	0	0	0	0	0	效果1	8931	效果2	-1	效果3几率	-1	效果3	-1		0		0		0		0		0		0		0		0		0		0		0		0	
796	花变身	花变身	0	1	0	0	0	boss_通用变身_合_毒	-1		-1		-1	0	0	0		30000	500	0	0	0	0	0	0	0	0	效果1	-1	效果2	-1	效果3几率	-1	效果3	-1		0		0		0		0		0		0		0		0		0		0		0		0	
																																																												
811	诛仙阵	诛仙阵	3	0	110	1	1	g01_xy_jq_xj_诛仙阵	-1	g01_xy_jq_zdo_诛仙阵_1	-1		-1	0	0	0		10000	500	0	6	6	0	0	0	0	0	效果1	789	效果2	799	效果3几率	-1	效果3	-1		0		0		0		0		0		0		0		0		0		0		0		0	
812	诛仙阵	诛仙阵	3	0	120	1	1	g01_xy_jq_xj_诛仙阵	-1	g01_xy_jq_zdo_诛仙阵_1	-1		-1	0	0	0		10000	500	0	6	6	0	0	0	0	0	效果1	789	效果2	799	效果3几率	-1	效果3	-1		0		0		0		0		0		0		0		0		0		0		0		0	
911	诛仙阵防	诛仙阵	3	0	110	1	1	g01_xy_jq_xj_诛仙阵	-1	g01_xy_jq_zdo_诛仙阵_1	-1		-1	0	0	0		10000	500	0	6	6	0	0	0	0	0	效果1	789	效果2	799	效果3几率	40	效果3	809		0		0		0		0		0		0		0		0		0		0		0		0	
912	诛仙阵防	诛仙阵	3	0	120	1	1	g01_xy_jq_xj_诛仙阵	-1	g01_xy_jq_zdo_诛仙阵_1	-1		-1	0	0	0		10000	500	0	6	6	0	0	0	0	0	效果1	789	效果2	799	效果3几率	42	效果3	809		0		0		0		0		0		0		0		0		0		0		0		0	
1011	诛仙阵攻	诛仙阵	3	0	110	1	1	g01_xy_jq_xj_诛仙阵	-1	g01_xy_jq_zdo_诛仙阵_1	-1		-1	0	0	0		10000	500	0	6	6	0	0	0	0	0	效果1	789	效果2	295	效果3几率	100	效果3	799		0		0		0		0		0		0		0		0		0		0		0		0	
1012	诛仙阵攻	诛仙阵	3	0	120	1	1	g01_xy_jq_xj_诛仙阵	-1	g01_xy_jq_zdo_诛仙阵_1	-1		-1	0	0	0		10000	500	0	6	6	0	0	0	0	0	效果1	789	效果2	295	效果3几率	100	效果3	799		0		0		0		0		0		0		0		0		0		0		0		0	
